
TIME	INSTR	REG1	REG2	DEST	RESULT	CARRY	BORROW	RESET

  0								1

 10								0

 10	1898	2	3	4	0005	0	0	0

 20	1921	4	4	4	000a	0	0	0

 30	f001	0	0	0	0000	1	0	0

 40	1921	4	4	4	0015	0	0	0

 50	46f5	3	6	3	0038	0	0	0

 60	18d2	3	2	4	0036	0	0	0

 70	1ad3	3	2	5	0036	0	0	0

 80	f002	0	0	0	0000	0	1	0

 90	1b1b	4	3	5	fffd	0	1	0

100	5902	4	0	4	0034	0	0	0

110	1fee	7	5	7	fffa	0	0	0

120	19bf	6	7	4	0003	0	0	0

130	1f74	5	6	7	0004	0	0	0

140	1fd5	7	2	7	0006	0	0	0

150	3daa	6	5	6	0000	0	0	0

160	3cbb	2	7	6	0000	0	0	0

170	2f80	6	0	7	5544	0	0	0

180	2dc3	7	0	6	5544	0	0	0

190	26c2	3	0	3	001c	0	0	0

200	2dc1	7	0	6	aa88	0	0	0

210	7218	0	3	1	0018	0	0	0

220	6324	4	4	1	0027	0	0	0

230	cf0e	4	1	7	0000	0	0	0

240	827f	1	1	1	0000	0	0	0

250	82be	1	2	1	0000	0	0	0

260	927f	1	1	1	0000	0	0	0

270	92be	1	2	1	0000	0	0	0

280	a27f	1	1	1	0000	0	0	0

290	a2be	1	2	1	0000	0	0	0

300	b03f	0	0	0	0000	0	0	0

310	faaa	2	5	5	0000	0	0	0

320	ffff	7	7	7	0000	0	0	0

