*************************************
	No.	Instruction		Decoded Signals

          0.	1898		0 4 2 3 4230	1 0 0 0 0 0 0 0 0 0 0 0 0 0 0 0 0

          1.	1921		1 4 4 4 4441	1 0 0 0 0 0 0 0 0 0 0 0 0 0 0 0 0

          2.	f001		1 0 0 0 0001	0 0 0 0 0 0 0 0 0 0 0 0 0 1 0 0 0

          3.	1921		1 4 4 4 4441	1 0 0 0 0 0 0 0 0 0 0 0 0 0 0 0 0

          4.	46f5		5 3 3 6 3365	0 0 0 0 1 0 0 0 0 0 0 0 0 0 0 0 0

          5.	18d2		2 4 3 2 4322	1 0 0 0 0 0 0 0 0 0 0 0 0 0 0 0 0

          6.	1ad3		3 5 3 2 5323	1 0 0 0 0 0 0 0 0 0 0 0 0 0 0 0 0

          7.	f002		2 0 0 0 0002	0 0 0 0 0 0 0 0 0 0 0 0 0 0 1 0 0

          8.	1b1b		3 5 4 3 5433	1 0 0 0 0 0 0 0 0 0 0 0 0 0 0 0 0

          9.	5902		2 4 4 0 4402	0 0 0 0 0 1 0 0 0 0 0 0 0 0 0 0 0

         10.	1fee		6 7 7 5 7756	1 0 0 0 0 0 0 0 0 0 0 0 0 0 0 0 0

         11.	19bf		7 4 6 7 4677	1 0 0 0 0 0 0 0 0 0 0 0 0 0 0 0 0

         12.	1f74		4 7 5 6 7564	1 0 0 0 0 0 0 0 0 0 0 0 0 0 0 0 0

         13.	1fd5		5 7 7 2 7725	1 0 0 0 0 0 0 0 0 0 0 0 0 0 0 0 0

         14.	3daa		2 6 6 5 6652	0 0 0 1 0 0 0 0 0 0 0 0 0 0 0 0 0

         15.	3cbb		3 6 2 7 6273	0 0 1 0 0 0 0 0 0 0 0 0 0 0 0 0 0

         16.	2fc0		0 7 7 0 7700	0 1 0 0 0 0 0 0 0 0 0 0 0 0 0 0 0

         17.	2dc3		3 6 7 0 6703	0 1 0 0 0 0 0 0 0 0 0 0 0 0 0 0 0

         18.	26c2		2 3 3 0 3302	0 1 0 0 0 0 0 0 0 0 0 0 0 0 0 0 0

         19.	2e01		1 7 0 0 7001	0 1 0 0 0 0 0 0 0 0 0 0 0 0 0 0 0

         20.	7258		0 1 1 3 1130	0 0 0 0 0 0 0 1 0 0 0 0 0 0 0 0 0

         21.	62e4		4 1 3 4 1344	0 0 0 0 0 0 1 0 0 0 0 0 0 0 0 0 0

         22.	cf0e		6 7 4 1 7416	0 0 0 0 0 0 0 0 0 0 0 0 1 0 0 0 0

         23.	827f		7 1 1 1 1177	0 0 0 0 0 0 0 0 1 0 0 0 0 0 0 0 0

         24.	82be		6 1 1 2 1276	0 0 0 0 0 0 0 0 1 0 0 0 0 0 0 0 0

         25.	927f		7 1 1 1 1177	0 0 0 0 0 0 0 0 0 1 0 0 0 0 0 0 0

         26.	92be		6 1 1 2 1276	0 0 0 0 0 0 0 0 0 1 0 0 0 0 0 0 0

         27.	a27f		7 1 1 1 1177	0 0 0 0 0 0 0 0 0 0 1 0 0 0 0 0 0

         28.	a2be		6 1 1 2 1276	0 0 0 0 0 0 0 0 0 0 1 0 0 0 0 0 0

         29.	b03f		7 0 0 0 0077	0 0 0 0 0 0 0 0 0 0 0 1 0 0 0 0 0

         30.	faaa		2 5 2 5 5252	0 0 0 0 0 0 0 0 0 0 0 0 0 0 0 0 1

         31.	ffff		7 7 7 7 7777	0 0 0 0 0 0 0 0 0 0 0 0 0 0 0 1 0

